frequency	V(onoise)
1.000000000000000e+001	1.477325e-006
1.023292992280754e+001	1.460074e-006
1.047128548050899e+001	1.443040e-006
1.071519305237606e+001	1.426219e-006
1.096478196143185e+001	1.409607e-006
1.122018454301963e+001	1.393201e-006
1.148153621496883e+001	1.376998e-006
1.174897554939530e+001	1.360995e-006
1.202264434617413e+001	1.345189e-006
1.230268770812381e+001	1.329576e-006
1.258925411794167e+001	1.314154e-006
1.288249551693134e+001	1.298920e-006
1.318256738556407e+001	1.283870e-006
1.348962882591653e+001	1.269004e-006
1.380384264602884e+001	1.254317e-006
1.412537544622754e+001	1.239807e-006
1.445439770745927e+001	1.225471e-006
1.479108388168207e+001	1.211308e-006
1.513561248436208e+001	1.197315e-006
1.548816618912481e+001	1.183488e-006
1.584893192461113e+001	1.169827e-006
1.621810097358929e+001	1.156329e-006
1.659586907437560e+001	1.142991e-006
1.698243652461744e+001	1.129811e-006
1.737800828749375e+001	1.116788e-006
1.778279410038922e+001	1.103919e-006
1.819700858609983e+001	1.091202e-006
1.862087136662867e+001	1.078635e-006
1.905460717963246e+001	1.066217e-006
1.949844599758044e+001	1.053944e-006
1.995262314968879e+001	1.041816e-006
2.041737944669528e+001	1.029830e-006
2.089296130854038e+001	1.017985e-006
2.137962089502231e+001	1.006278e-006
2.187761623949551e+001	9.947091e-007
2.238721138568338e+001	9.832751e-007
2.290867652767771e+001	9.719745e-007
2.344228815319920e+001	9.608060e-007
2.398832919019489e+001	9.497676e-007
2.454708915685028e+001	9.388579e-007
2.511886431509578e+001	9.280752e-007
2.570395782768862e+001	9.174180e-007
2.630267991895380e+001	9.068847e-007
2.691534803926913e+001	8.964738e-007
2.754228703338164e+001	8.861838e-007
2.818382931264451e+001	8.760131e-007
2.884031503126603e+001	8.659604e-007
2.951209226666383e+001	8.560243e-007
3.019951720402014e+001	8.462032e-007
3.090295432513588e+001	8.364958e-007
3.162277660168376e+001	8.269008e-007
3.235936569296280e+001	8.174167e-007
3.311311214825908e+001	8.080423e-007
3.388441561392022e+001	7.987762e-007
3.467368504525312e+001	7.896171e-007
3.548133892335751e+001	7.805638e-007
3.630780547701009e+001	7.716150e-007
3.715352290971721e+001	7.627694e-007
3.801893963205608e+001	7.540259e-007
3.890451449942801e+001	7.453831e-007
3.981071705534967e+001	7.368400e-007
4.073802778041122e+001	7.283954e-007
4.168693834703348e+001	7.200480e-007
4.265795188015920e+001	7.117967e-007
4.365158322401653e+001	7.036405e-007
4.466835921509625e+001	6.955781e-007
4.570881896148743e+001	6.876085e-007
4.677351412871975e+001	6.797305e-007
4.786300923226376e+001	6.719433e-007
4.897788193684454e+001	6.642455e-007
5.011872336272715e+001	6.566362e-007
5.128613839913640e+001	6.491145e-007
5.248074602497717e+001	6.416792e-007
5.370317963702517e+001	6.343293e-007
5.495408738576235e+001	6.270639e-007
5.623413251903480e+001	6.198819e-007
5.754399373371558e+001	6.127824e-007
5.888436553555878e+001	6.057645e-007
6.025595860743565e+001	5.988271e-007
6.165950018614809e+001	5.919694e-007
6.309573444801919e+001	5.851904e-007
6.456542290346542e+001	5.784892e-007
6.606934480075947e+001	5.718649e-007
6.760829753919803e+001	5.653167e-007
6.918309709189350e+001	5.588435e-007
7.079457843841364e+001	5.524447e-007
7.244359600749884e+001	5.461192e-007
7.413102413009158e+001	5.398663e-007
7.585775750291819e+001	5.336852e-007
7.762471166286898e+001	5.275749e-007
7.943282347242794e+001	5.215347e-007
8.128305161640971e+001	5.155638e-007
8.317637711026687e+001	5.096614e-007
8.511380382023741e+001	5.038266e-007
8.709635899560782e+001	4.980587e-007
8.912509381337429e+001	4.923569e-007
9.120108393559070e+001	4.867206e-007
9.332543007969882e+001	4.811488e-007
9.549925860214330e+001	4.756409e-007
9.772372209558077e+001	4.701961e-007
9.999999999999969e+001	4.648137e-007
1.023292992280751e+002	4.594930e-007
1.047128548050896e+002	4.542333e-007
1.071519305237603e+002	4.490339e-007
1.096478196143182e+002	4.438940e-007
1.122018454301960e+002	4.388131e-007
1.148153621496879e+002	4.337904e-007
1.174897554939526e+002	4.288252e-007
1.202264434617409e+002	4.239169e-007
1.230268770812378e+002	4.190649e-007
1.258925411794163e+002	4.142684e-007
1.288249551693130e+002	4.095269e-007
1.318256738556403e+002	4.048398e-007
1.348962882591650e+002	4.002063e-007
1.380384264602881e+002	3.956259e-007
1.412537544622750e+002	3.910980e-007
1.445439770745923e+002	3.866220e-007
1.479108388168203e+002	3.821972e-007
1.513561248436203e+002	3.778231e-007
1.548816618912476e+002	3.734991e-007
1.584893192461108e+002	3.692247e-007
1.621810097358925e+002	3.649992e-007
1.659586907437555e+002	3.608222e-007
1.698243652461738e+002	3.566930e-007
1.737800828749369e+002	3.526110e-007
1.778279410038917e+002	3.485759e-007
1.819700858609977e+002	3.445869e-007
1.862087136662861e+002	3.406437e-007
1.905460717963240e+002	3.367456e-007
1.949844599758038e+002	3.328922e-007
1.995262314968873e+002	3.290829e-007
2.041737944669522e+002	3.253172e-007
2.089296130854032e+002	3.215947e-007
2.137962089502224e+002	3.179148e-007
2.187761623949544e+002	3.142771e-007
2.238721138568331e+002	3.106811e-007
2.290867652767765e+002	3.071262e-007
2.344228815319913e+002	3.036120e-007
2.398832919019481e+002	3.001381e-007
2.454708915685021e+002	2.967040e-007
2.511886431509570e+002	2.933092e-007
2.570395782768854e+002	2.899533e-007
2.630267991895371e+002	2.866359e-007
2.691534803926905e+002	2.833565e-007
2.754228703338155e+002	2.801146e-007
2.818382931264442e+002	2.769098e-007
2.884031503126594e+002	2.737418e-007
2.951209226666373e+002	2.706100e-007
3.019951720402004e+002	2.675142e-007
3.090295432513578e+002	2.644537e-007
3.162277660168366e+002	2.614284e-007
3.235936569296269e+002	2.584377e-007
3.311311214825897e+002	2.554813e-007
3.388441561392011e+002	2.525587e-007
3.467368504525301e+002	2.496696e-007
3.548133892335739e+002	2.468136e-007
3.630780547700998e+002	2.439903e-007
3.715352290971709e+002	2.411994e-007
3.801893963205595e+002	2.384404e-007
3.890451449942788e+002	2.357131e-007
3.981071705534954e+002	2.330170e-007
4.073802778041108e+002	2.303518e-007
4.168693834703334e+002	2.277171e-007
4.265795188015906e+002	2.251126e-007
4.365158322401638e+002	2.225379e-007
4.466835921509609e+002	2.199928e-007
4.570881896148728e+002	2.174768e-007
4.677351412871959e+002	2.149896e-007
4.786300923226360e+002	2.125310e-007
4.897788193684438e+002	2.101005e-007
5.011872336272698e+002	2.076978e-007
5.128613839913622e+002	2.053227e-007
5.248074602497699e+002	2.029748e-007
5.370317963702499e+002	2.006538e-007
5.495408738576217e+002	1.983594e-007
5.623413251903462e+002	1.960913e-007
5.754399373371540e+002	1.938492e-007
5.888436553555860e+002	1.916328e-007
6.025595860743547e+002	1.894418e-007
6.165950018614790e+002	1.872759e-007
6.309573444801899e+002	1.851349e-007
6.456542290346521e+002	1.830183e-007
6.606934480075925e+002	1.809260e-007
6.760829753919782e+002	1.788577e-007
6.918309709189327e+002	1.768132e-007
7.079457843841341e+002	1.747920e-007
7.244359600749862e+002	1.727940e-007
7.413102413009135e+002	1.708190e-007
7.585775750291797e+002	1.688665e-007
7.762471166286875e+002	1.669365e-007
7.943282347242772e+002	1.650286e-007
8.128305161640948e+002	1.631425e-007
8.317637711026664e+002	1.612781e-007
8.511380382023717e+002	1.594350e-007
8.709635899560758e+002	1.576131e-007
8.912509381337405e+002	1.558121e-007
9.120108393559046e+002	1.540318e-007
9.332543007969858e+002	1.522718e-007
9.549925860214306e+002	1.505320e-007
9.772372209558052e+002	1.488122e-007
9.999999999999944e+002	1.471121e-007
1.023292992280748e+003	1.454316e-007
1.047128548050894e+003	1.437702e-007
1.071519305237600e+003	1.421280e-007
1.096478196143179e+003	1.405046e-007
1.122018454301957e+003	1.388998e-007
1.148153621496876e+003	1.373134e-007
1.174897554939523e+003	1.357452e-007
1.202264434617406e+003	1.341950e-007
1.230268770812374e+003	1.326626e-007
1.258925411794160e+003	1.311478e-007
1.288249551693126e+003	1.296504e-007
1.318256738556399e+003	1.281701e-007
1.348962882591645e+003	1.267069e-007
1.380384264602876e+003	1.252604e-007
1.412537544622745e+003	1.238306e-007
1.445439770745918e+003	1.224171e-007
1.479108388168198e+003	1.210199e-007
1.513561248436198e+003	1.196387e-007
1.548816618912471e+003	1.182734e-007
1.584893192461103e+003	1.169238e-007
1.621810097358919e+003	1.155896e-007
1.659586907437550e+003	1.142708e-007
1.698243652461733e+003	1.129671e-007
1.737800828749364e+003	1.116784e-007
1.778279410038911e+003	1.104045e-007
1.819700858609972e+003	1.091452e-007
1.862087136662855e+003	1.079004e-007
1.905460717963235e+003	1.066699e-007
1.949844599758033e+003	1.054536e-007
1.995262314968866e+003	1.042512e-007
2.041737944669516e+003	1.030626e-007
2.089296130854025e+003	1.018877e-007
2.137962089502218e+003	1.007263e-007
2.187761623949538e+003	9.957829e-008
2.238721138568325e+003	9.844344e-008
2.290867652767758e+003	9.732164e-008
2.344228815319906e+003	9.621274e-008
2.398832919019474e+003	9.511659e-008
2.454708915685013e+003	9.403306e-008
2.511886431509563e+003	9.296198e-008
2.570395782768846e+003	9.190322e-008
2.630267991895363e+003	9.085664e-008
2.691534803926897e+003	8.982212e-008
2.754228703338147e+003	8.879949e-008
2.818382931264433e+003	8.778864e-008
2.884031503126585e+003	8.678941e-008
2.951209226666364e+003	8.580169e-008
3.019951720401994e+003	8.482535e-008
3.090295432513567e+003	8.386025e-008
3.162277660168356e+003	8.290627e-008
3.235936569296258e+003	8.196327e-008
3.311311214825886e+003	8.103114e-008
3.388441561392000e+003	8.010974e-008
3.467368504525290e+003	7.919897e-008
3.548133892335728e+003	7.829869e-008
3.630780547700986e+003	7.740879e-008
3.715352290971697e+003	7.652915e-008
3.801893963205583e+003	7.565966e-008
3.890451449942776e+003	7.480018e-008
3.981071705534941e+003	7.395063e-008
4.073802778041095e+003	7.311088e-008
4.168693834703321e+003	7.228082e-008
4.265795188015893e+003	7.146033e-008
4.365158322401625e+003	7.064932e-008
4.466835921509595e+003	6.984767e-008
4.570881896148713e+003	6.905528e-008
4.677351412871944e+003	6.827204e-008
4.786300923226344e+003	6.749786e-008
4.897788193684422e+003	6.673261e-008
5.011872336272681e+003	6.597622e-008
5.128613839913606e+003	6.522856e-008
5.248074602497683e+003	6.448955e-008
5.370317963702482e+003	6.375909e-008
5.495408738576200e+003	6.303708e-008
5.623413251903444e+003	6.232342e-008
5.754399373371521e+003	6.161802e-008
5.888436553555840e+003	6.092079e-008
6.025595860743527e+003	6.023163e-008
6.165950018614770e+003	5.955046e-008
6.309573444801879e+003	5.887718e-008
6.456542290346501e+003	5.821170e-008
6.606934480075904e+003	5.755393e-008
6.760829753919760e+003	5.690379e-008
6.918309709189306e+003	5.626120e-008
7.079457843841318e+003	5.562605e-008
7.244359600749838e+003	5.499829e-008
7.413102413009111e+003	5.437780e-008
7.585775750291772e+003	5.376453e-008
7.762471166286850e+003	5.315838e-008
7.943282347242746e+003	5.255928e-008
8.128305161640922e+003	5.196713e-008
8.317637711026639e+003	5.138188e-008
8.511380382023692e+003	5.080344e-008
8.709635899560732e+003	5.023173e-008
8.912509381337379e+003	4.966667e-008
9.120108393559020e+003	4.910819e-008
9.332543007969831e+003	4.855622e-008
9.549925860214278e+003	4.801069e-008
9.772372209558023e+003	4.747152e-008
9.999999999999915e+003	4.693863e-008
1.023292992280745e+004	4.641197e-008
1.047128548050891e+004	4.589145e-008
1.071519305237597e+004	4.537702e-008
1.096478196143176e+004	4.486860e-008
1.122018454301954e+004	4.436612e-008
1.148153621496873e+004	4.386952e-008
1.174897554939519e+004	4.337873e-008
1.202264434617402e+004	4.289369e-008
1.230268770812371e+004	4.241434e-008
1.258925411794156e+004	4.194059e-008
1.288249551693123e+004	4.147241e-008
1.318256738556395e+004	4.100972e-008
1.348962882591642e+004	4.055246e-008
1.380384264602873e+004	4.010057e-008
1.412537544622742e+004	3.965400e-008
1.445439770745914e+004	3.921268e-008
1.479108388168194e+004	3.877654e-008
1.513561248436194e+004	3.834555e-008
1.548816618912467e+004	3.791963e-008
1.584893192461099e+004	3.749874e-008
1.621810097358915e+004	3.708281e-008
1.659586907437545e+004	3.667179e-008
1.698243652461729e+004	3.626563e-008
1.737800828749359e+004	3.586427e-008
1.778279410038906e+004	3.546766e-008
1.819700858609967e+004	3.507574e-008
1.862087136662850e+004	3.468847e-008
1.905460717963229e+004	3.430578e-008
1.949844599758027e+004	3.392764e-008
1.995262314968861e+004	3.355399e-008
2.041737944669510e+004	3.318478e-008
2.089296130854020e+004	3.281997e-008
2.137962089502212e+004	3.245949e-008
2.187761623949532e+004	3.210332e-008
2.238721138568319e+004	3.175138e-008
2.290867652767752e+004	3.140365e-008
2.344228815319900e+004	3.106008e-008
2.398832919019468e+004	3.072061e-008
2.454708915685007e+004	3.038521e-008
2.511886431509556e+004	3.005382e-008
2.570395782768839e+004	2.972641e-008
2.630267991895357e+004	2.940293e-008
2.691534803926890e+004	2.908334e-008
2.754228703338140e+004	2.876759e-008
2.818382931264427e+004	2.845564e-008
2.884031503126578e+004	2.814746e-008
2.951209226666357e+004	2.784300e-008
3.019951720401986e+004	2.754221e-008
3.090295432513560e+004	2.724506e-008
3.162277660168348e+004	2.695152e-008
3.235936569296250e+004	2.666153e-008
3.311311214825878e+004	2.637506e-008
3.388441561391991e+004	2.609208e-008
3.467368504525281e+004	2.581254e-008
3.548133892335718e+004	2.553640e-008
3.630780547700976e+004	2.526364e-008
3.715352290971687e+004	2.499421e-008
3.801893963205573e+004	2.472808e-008
3.890451449942766e+004	2.446520e-008
3.981071705534931e+004	2.420556e-008
4.073802778041085e+004	2.394910e-008
4.168693834703310e+004	2.369580e-008
4.265795188015881e+004	2.344562e-008
4.365158322401613e+004	2.319853e-008
4.466835921509584e+004	2.295450e-008
4.570881896148701e+004	2.271349e-008
4.677351412871932e+004	2.247547e-008
4.786300923226332e+004	2.224040e-008
4.897788193684409e+004	2.200826e-008
5.011872336272668e+004	2.177901e-008
5.128613839913593e+004	2.155263e-008
5.248074602497669e+004	2.132908e-008
5.370317963702469e+004	2.110833e-008
5.495408738576186e+004	2.089035e-008
5.623413251903430e+004	2.067511e-008
5.754399373371507e+004	2.046259e-008
5.888436553555826e+004	2.025274e-008
6.025595860743512e+004	2.004556e-008
6.165950018614754e+004	1.984099e-008
6.309573444801863e+004	1.963903e-008
6.456542290346484e+004	1.943964e-008
6.606934480075887e+004	1.924279e-008
6.760829753919743e+004	1.904845e-008
6.918309709189288e+004	1.885661e-008
7.079457843841300e+004	1.866722e-008
7.244359600749819e+004	1.848027e-008
7.413102413009091e+004	1.829573e-008
7.585775750291752e+004	1.811358e-008
7.762471166286830e+004	1.793379e-008
7.943282347242725e+004	1.775633e-008
8.128305161640899e+004	1.758117e-008
8.317637711026614e+004	1.740831e-008
8.511380382023666e+004	1.723770e-008
8.709635899560705e+004	1.706933e-008
8.912509381337352e+004	1.690317e-008
9.120108393558991e+004	1.673920e-008
9.332543007969801e+004	1.657740e-008
9.549925860214247e+004	1.641773e-008
9.772372209557991e+004	1.626019e-008
9.999999999999882e+004	1.610475e-008
1.023292992280742e+005	1.595138e-008
1.047128548050887e+005	1.580006e-008
1.071519305237594e+005	1.565077e-008
1.096478196143172e+005	1.550350e-008
1.122018454301950e+005	1.535821e-008
1.148153621496869e+005	1.521489e-008
1.174897554939515e+005	1.507351e-008
1.202264434617398e+005	1.493406e-008
1.230268770812367e+005	1.479652e-008
1.258925411794152e+005	1.466085e-008
1.288249551693118e+005	1.452706e-008
1.318256738556391e+005	1.439510e-008
1.348962882591637e+005	1.426497e-008
1.380384264602868e+005	1.413665e-008
1.412537544622737e+005	1.401011e-008
1.445439770745910e+005	1.388534e-008
1.479108388168189e+005	1.376232e-008
1.513561248436189e+005	1.364102e-008
1.548816618912462e+005	1.352143e-008
1.584893192461093e+005	1.340354e-008
1.621810097358909e+005	1.328732e-008
1.659586907437540e+005	1.317275e-008
1.698243652461723e+005	1.305982e-008
1.737800828749353e+005	1.294851e-008
1.778279410038900e+005	1.283880e-008
1.819700858609960e+005	1.273067e-008
1.862087136662843e+005	1.262411e-008
1.905460717963222e+005	1.251910e-008
1.949844599758020e+005	1.241562e-008
1.995262314968854e+005	1.231366e-008
2.041737944669503e+005	1.221320e-008
2.089296130854012e+005	1.211422e-008
2.137962089502204e+005	1.201670e-008
2.187761623949524e+005	1.192063e-008
2.238721138568310e+005	1.182600e-008
2.290867652767743e+005	1.173278e-008
2.344228815319891e+005	1.164096e-008
2.398832919019458e+005	1.155053e-008
2.454708915684997e+005	1.146147e-008
2.511886431509546e+005	1.137376e-008
2.570395782768829e+005	1.128739e-008
2.630267991895346e+005	1.120234e-008
2.691534803926879e+005	1.111860e-008
2.754228703338129e+005	1.103615e-008
2.818382931264415e+005	1.095497e-008
2.884031503126567e+005	1.087507e-008
2.951209226666346e+005	1.079640e-008
3.019951720401975e+005	1.071897e-008
3.090295432513548e+005	1.064276e-008
3.162277660168335e+005	1.056776e-008
3.235936569296237e+005	1.049394e-008
3.311311214825865e+005	1.042130e-008
3.388441561391978e+005	1.034981e-008
3.467368504525268e+005	1.027948e-008
3.548133892335704e+005	1.021028e-008
3.630780547700962e+005	1.014219e-008
3.715352290971673e+005	1.007522e-008
3.801893963205558e+005	1.000933e-008
3.890451449942750e+005	9.944523e-009
3.981071705534915e+005	9.880779e-009
4.073802778041068e+005	9.818087e-009
4.168693834703293e+005	9.756432e-009
4.265795188015865e+005	9.695801e-009
4.365158322401596e+005	9.636183e-009
4.466835921509566e+005	9.577563e-009
4.570881896148684e+005	9.519929e-009
4.677351412871914e+005	9.463267e-009
4.786300923226313e+005	9.407565e-009
4.897788193684390e+005	9.352811e-009
5.011872336272649e+005	9.298991e-009
5.128613839913573e+005	9.246094e-009
5.248074602497648e+005	9.194107e-009
5.370317963702448e+005	9.143017e-009
5.495408738576165e+005	9.092813e-009
5.623413251903408e+005	9.043482e-009
5.754399373371484e+005	8.995013e-009
5.888436553555802e+005	8.947393e-009
6.025595860743487e+005	8.900611e-009
6.165950018614729e+005	8.854655e-009
6.309573444801837e+005	8.809513e-009
6.456542290346457e+005	8.765174e-009
6.606934480075860e+005	8.721627e-009
6.760829753919714e+005	8.678859e-009
6.918309709189258e+005	8.636861e-009
7.079457843841270e+005	8.595619e-009
7.244359600749789e+005	8.555125e-009
7.413102413009061e+005	8.515365e-009
7.585775750291720e+005	8.476332e-009
7.762471166286797e+005	8.438010e-009
7.943282347242691e+005	8.400393e-009
8.128305161640865e+005	8.363468e-009
8.317637711026580e+005	8.327226e-009
8.511380382023632e+005	8.291654e-009
8.709635899560670e+005	8.256746e-009
8.912509381337316e+005	8.222487e-009
9.120108393558954e+005	8.188869e-009
9.332543007969763e+005	8.155883e-009
9.549925860214209e+005	8.123518e-009
9.772372209557953e+005	8.091765e-009
9.999999999999842e+005	8.060612e-009
1.023292992280738e+006	8.030052e-009
1.047128548050883e+006	8.000074e-009
1.071519305237589e+006	7.970669e-009
1.096478196143168e+006	7.941829e-009
1.122018454301946e+006	7.913542e-009
1.148153621496865e+006	7.885801e-009
1.174897554939511e+006	7.858596e-009
1.202264434617394e+006	7.831919e-009
1.230268770812362e+006	7.805760e-009
1.258925411794147e+006	7.780113e-009
1.288249551693114e+006	7.754965e-009
1.318256738556386e+006	7.730311e-009
1.348962882591632e+006	7.706141e-009
1.380384264602863e+006	7.682447e-009
1.412537544622732e+006	7.659220e-009
1.445439770745904e+006	7.636454e-009
1.479108388168184e+006	7.614139e-009
1.513561248436184e+006	7.592268e-009
1.548816618912457e+006	7.570833e-009
1.584893192461088e+006	7.549827e-009
1.621810097358904e+006	7.529240e-009
1.659586907437534e+006	7.509067e-009
1.698243652461717e+006	7.489300e-009
1.737800828749347e+006	7.469931e-009
1.778279410038894e+006	7.450954e-009
1.819700858609954e+006	7.432360e-009
1.862087136662837e+006	7.414143e-009
1.905460717963216e+006	7.396296e-009
1.949844599758013e+006	7.378813e-009
1.995262314968847e+006	7.361686e-009
2.041737944669495e+006	7.344909e-009
2.089296130854005e+006	7.328475e-009
2.137962089502196e+006	7.312378e-009
2.187761623949516e+006	7.296611e-009
2.238721138568302e+006	7.281169e-009
2.290867652767734e+006	7.266044e-009
2.344228815319882e+006	7.251232e-009
2.398832919019450e+006	7.236725e-009
2.454708915684988e+006	7.222518e-009
2.511886431509537e+006	7.208605e-009
2.570395782768820e+006	7.194981e-009
2.630267991895337e+006	7.181639e-009
2.691534803926870e+006	7.168575e-009
2.754228703338119e+006	7.155782e-009
2.818382931264406e+006	7.143255e-009
2.884031503126557e+006	7.130990e-009
2.951209226666335e+006	7.118980e-009
3.019951720401964e+006	7.107221e-009
3.090295432513537e+006	7.095707e-009
3.162277660168325e+006	7.084433e-009
3.235936569296226e+006	7.073396e-009
3.311311214825853e+006	7.062589e-009
3.388441561391966e+006	7.052007e-009
3.467368504525256e+006	7.041648e-009
3.548133892335692e+006	7.031504e-009
3.630780547700950e+006	7.021573e-009
3.715352290971660e+006	7.011850e-009
3.801893963205545e+006	7.002329e-009
3.890451449942737e+006	6.993008e-009
3.981071705534902e+006	6.983881e-009
4.073802778041055e+006	6.974944e-009
4.168693834703280e+006	6.966193e-009
4.265795188015850e+006	6.957625e-009
4.365158322401581e+006	6.949234e-009
4.466835921509551e+006	6.941018e-009
4.570881896148668e+006	6.932972e-009
4.677351412871897e+006	6.925092e-009
4.786300923226297e+006	6.917375e-009
4.897788193684373e+006	6.909816e-009
5.011872336272632e+006	6.902413e-009
5.128613839913555e+006	6.895161e-009
5.248074602497631e+006	6.888057e-009
5.370317963702430e+006	6.881097e-009
5.495408738576146e+006	6.874278e-009
5.623413251903389e+006	6.867597e-009
5.754399373371464e+006	6.861050e-009
5.888436553555782e+006	6.854633e-009
6.025595860743467e+006	6.848343e-009
6.165950018614708e+006	6.842178e-009
6.309573444801817e+006	6.836133e-009
6.456542290346436e+006	6.830206e-009
6.606934480075838e+006	6.824393e-009
6.760829753919693e+006	6.818691e-009
6.918309709189237e+006	6.813098e-009
7.079457843841248e+006	6.807610e-009
7.244359600749767e+006	6.802223e-009
7.413102413009037e+006	6.796935e-009
7.585775750291697e+006	6.791743e-009
7.762471166286773e+006	6.786644e-009
7.943282347242667e+006	6.781635e-009
8.128305161640842e+006	6.776713e-009
8.317637711026555e+006	6.771874e-009
8.511380382023606e+006	6.767117e-009
8.709635899560643e+006	6.762437e-009
8.912509381337289e+006	6.757833e-009
9.120108393558927e+006	6.753300e-009
9.332543007969735e+006	6.748837e-009
9.549925860214179e+006	6.744440e-009
9.772372209557923e+006	6.740106e-009
9.999999999999812e+006	6.735833e-009
1.023292992280735e+007	6.731617e-009
1.047128548050880e+007	6.727455e-009
1.071519305237586e+007	6.723345e-009
1.096478196143164e+007	6.719283e-009
1.122018454301942e+007	6.715266e-009
1.148153621496861e+007	6.711292e-009
1.174897554939507e+007	6.707356e-009
1.202264434617390e+007	6.703457e-009
1.230268770812358e+007	6.699591e-009
1.258925411794143e+007	6.695754e-009
1.288249551693109e+007	6.691943e-009
1.318256738556382e+007	6.688156e-009
1.348962882591627e+007	6.684389e-009
1.380384264602858e+007	6.680637e-009
1.412537544622727e+007	6.676899e-009
1.445439770745899e+007	6.673170e-009
1.479108388168179e+007	6.669447e-009
1.513561248436179e+007	6.665725e-009
1.548816618912451e+007	6.662003e-009
1.584893192461082e+007	6.658274e-009
1.621810097358898e+007	6.654536e-009
1.659586907437528e+007	6.650785e-009
1.698243652461711e+007	6.647016e-009
1.737800828749341e+007	6.643226e-009
1.778279410038888e+007	6.639409e-009
1.819700858609948e+007	6.635561e-009
1.862087136662831e+007	6.631678e-009
1.905460717963210e+007	6.627756e-009
1.949844599758007e+007	6.623789e-009
1.995262314968840e+007	6.619772e-009
2.041737944669489e+007	6.615700e-009
2.089296130853998e+007	6.611569e-009
2.137962089502190e+007	6.607372e-009
2.187761623949510e+007	6.603104e-009
2.238721138568296e+007	6.598759e-009
2.290867652767728e+007	6.594331e-009
2.344228815319876e+007	6.589815e-009
2.398832919019443e+007	6.585203e-009
2.454708915684982e+007	6.580490e-009
2.511886431509531e+007	6.575668e-009
2.570395782768813e+007	6.570731e-009
2.630267991895330e+007	6.565671e-009
2.691534803926862e+007	6.560481e-009
2.754228703338112e+007	6.555153e-009
2.818382931264398e+007	6.549680e-009
2.884031503126549e+007	6.544054e-009
2.951209226666327e+007	6.538265e-009
3.019951720401956e+007	6.532305e-009
3.090295432513529e+007	6.526167e-009
3.162277660168316e+007	6.519839e-009
3.235936569296218e+007	6.513313e-009
3.311311214825844e+007	6.506579e-009
3.388441561391957e+007	6.499627e-009
3.467368504525247e+007	6.492446e-009
3.548133892335683e+007	6.485026e-009
3.630780547700940e+007	6.477357e-009
3.715352290971650e+007	6.469426e-009
3.801893963205535e+007	6.461222e-009
3.890451449942727e+007	6.452733e-009
3.981071705534892e+007	6.443948e-009
4.073802778041045e+007	6.434854e-009
4.168693834703270e+007	6.425437e-009
4.265795188015840e+007	6.415685e-009
4.365158322401571e+007	6.405585e-009
4.466835921509541e+007	6.395122e-009
4.570881896148658e+007	6.384284e-009
4.677351412871887e+007	6.373055e-009
4.786300923226286e+007	6.361422e-009
4.897788193684362e+007	6.349369e-009
5.011872336272620e+007	6.336882e-009
5.128613839913543e+007	6.323945e-009
5.248074602497618e+007	6.310545e-009
5.370317963702416e+007	6.296664e-009
5.495408738576132e+007	6.282288e-009
5.623413251903375e+007	6.267400e-009
5.754399373371450e+007	6.251985e-009
5.888436553555767e+007	6.236028e-009
6.025595860743452e+007	6.219512e-009
6.165950018614693e+007	6.202421e-009
6.309573444801801e+007	6.184740e-009
6.456542290346420e+007	6.166454e-009
6.606934480075821e+007	6.147546e-009
6.760829753919676e+007	6.128002e-009
6.918309709189220e+007	6.107807e-009
7.079457843841231e+007	6.086945e-009
7.244359600749749e+007	6.065403e-009
7.413102413009019e+007	6.043166e-009
7.585775750291678e+007	6.020223e-009
7.762471166286755e+007	5.996557e-009
7.943282347242649e+007	5.972159e-009
8.128305161640823e+007	5.947017e-009
8.317637711026536e+007	5.921118e-009
8.511380382023586e+007	5.894454e-009
8.709635899560623e+007	5.867014e-009
8.912509381337267e+007	5.838790e-009
9.120108393558905e+007	5.809775e-009
9.332543007969713e+007	5.779962e-009
9.549925860214157e+007	5.749346e-009
9.772372209557900e+007	5.717921e-009
9.999999999999788e+007	5.685686e-009
1.023292992280732e+008	5.652637e-009
1.047128548050877e+008	5.618773e-009
1.071519305237584e+008	5.584096e-009
1.096478196143162e+008	5.548606e-009
1.122018454301940e+008	5.512307e-009
1.148153621496858e+008	5.475203e-009
1.174897554939504e+008	5.437300e-009
1.202264434617387e+008	5.398603e-009
1.230268770812355e+008	5.359123e-009
1.258925411794140e+008	5.318867e-009
1.288249551693106e+008	5.277847e-009
1.318256738556379e+008	5.236076e-009
1.348962882591625e+008	5.193565e-009
1.380384264602855e+008	5.150331e-009
1.412537544622724e+008	5.106389e-009
1.445439770745896e+008	5.061756e-009
1.479108388168175e+008	5.016449e-009
1.513561248436175e+008	4.970489e-009
1.548816618912448e+008	4.923896e-009
1.584893192461079e+008	4.876690e-009
1.621810097358895e+008	4.828893e-009
1.659586907437525e+008	4.780529e-009
1.698243652461707e+008	4.731622e-009
1.737800828749338e+008	4.682195e-009
1.778279410038884e+008	4.632273e-009
1.819700858609944e+008	4.581883e-009
1.862087136662827e+008	4.531051e-009
1.905460717963206e+008	4.479803e-009
1.949844599758003e+008	4.428167e-009
1.995262314968836e+008	4.376170e-009
2.041737944669485e+008	4.323840e-009
2.089296130853994e+008	4.271204e-009
2.137962089502185e+008	4.218293e-009
2.187761623949505e+008	4.165133e-009
2.238721138568291e+008	4.111754e-009
2.290867652767723e+008	4.058184e-009
2.344228815319870e+008	4.004452e-009
2.398832919019437e+008	3.950587e-009
2.454708915684976e+008	3.896618e-009
2.511886431509524e+008	3.842572e-009
2.570395782768807e+008	3.788479e-009
2.630267991895323e+008	3.734367e-009
2.691534803926855e+008	3.680263e-009
2.754228703338105e+008	3.626196e-009
2.818382931264390e+008	3.572192e-009
2.884031503126541e+008	3.518280e-009
2.951209226666319e+008	3.464485e-009
3.019951720401948e+008	3.410835e-009
3.090295432513520e+008	3.357354e-009
3.162277660168307e+008	3.304069e-009
3.235936569296209e+008	3.251004e-009
3.311311214825836e+008	3.198183e-009
3.388441561391949e+008	3.145631e-009
3.467368504525238e+008	3.093370e-009
3.548133892335674e+008	3.041423e-009
3.630780547700931e+008	2.989812e-009
3.715352290971641e+008	2.938556e-009
3.801893963205525e+008	2.887678e-009
3.890451449942717e+008	2.837195e-009
3.981071705534881e+008	2.787128e-009
4.073802778041034e+008	2.737493e-009
4.168693834703258e+008	2.688308e-009
4.265795188015829e+008	2.639589e-009
4.365158322401559e+008	2.591351e-009
4.466835921509528e+008	2.543609e-009
4.570881896148645e+008	2.496376e-009
4.677351412871874e+008	2.449666e-009
4.786300923226273e+008	2.403489e-009
4.897788193684349e+008	2.357857e-009
5.011872336272607e+008	2.312780e-009
5.128613839913530e+008	2.268267e-009
5.248074602497605e+008	2.224327e-009
5.370317963702403e+008	2.180966e-009
5.495408738576119e+008	2.138191e-009
5.623413251903361e+008	2.096009e-009
5.754399373371437e+008	2.054425e-009
5.888436553555753e+008	2.013442e-009
6.025595860743438e+008	1.973064e-009
6.165950018614678e+008	1.933294e-009
6.309573444801786e+008	1.894134e-009
6.456542290346406e+008	1.855585e-009
6.606934480075806e+008	1.817649e-009
6.760829753919660e+008	1.780324e-009
6.918309709189203e+008	1.743611e-009
7.079457843841213e+008	1.707508e-009
7.244359600749730e+008	1.672014e-009
7.413102413009000e+008	1.637126e-009
7.585775750291657e+008	1.602843e-009
7.762471166286733e+008	1.569160e-009
7.943282347242626e+008	1.536074e-009
8.128305161640799e+008	1.503581e-009
8.317637711026512e+008	1.471678e-009
8.511380382023562e+008	1.440358e-009
8.709635899560599e+008	1.409617e-009
8.912509381337243e+008	1.379449e-009
9.120108393558880e+008	1.349849e-009
9.332543007969688e+008	1.320812e-009
9.549925860214132e+008	1.292330e-009
9.772372209557874e+008	1.264397e-009
9.999999999999762e+008	1.237007e-009
1.023292992280730e+009	1.210153e-009
1.047128548050875e+009	1.183828e-009
1.071519305237581e+009	1.158025e-009
1.096478196143159e+009	1.132737e-009
1.122018454301936e+009	1.107957e-009
1.148153621496855e+009	1.083676e-009
1.174897554939501e+009	1.059889e-009
1.202264434617384e+009	1.036586e-009
1.230268770812352e+009	1.013762e-009
1.258925411794137e+009	9.914067e-010
1.288249551693103e+009	9.695146e-010
1.318256738556375e+009	9.480771e-010
1.348962882591621e+009	9.270869e-010
1.380384264602851e+009	9.065363e-010
1.412537544622720e+009	8.864177e-010
1.445439770745892e+009	8.667235e-010
1.479108388168171e+009	8.474463e-010
1.513561248436171e+009	8.285785e-010
1.548816618912444e+009	8.101126e-010
1.584893192461075e+009	7.920414e-010
1.621810097358890e+009	7.743574e-010
1.659586907437520e+009	7.570533e-010
1.698243652461703e+009	7.401220e-010
1.737800828749333e+009	7.235564e-010
1.778279410038879e+009	7.073495e-010
1.819700858609939e+009	6.914941e-010
1.862087136662822e+009	6.759835e-010
1.905460717963200e+009	6.608108e-010
1.949844599757997e+009	6.459694e-010
1.995262314968830e+009	6.314526e-010
2.041737944669479e+009	6.172539e-010
2.089296130853988e+009	6.033669e-010
2.137962089502179e+009	5.897851e-010
2.187761623949498e+009	5.765025e-010
2.238721138568284e+009	5.635127e-010
2.290867652767716e+009	5.508098e-010
2.344228815319864e+009	5.383879e-010
2.398832919019431e+009	5.262411e-010
2.454708915684969e+009	5.143635e-010
2.511886431509517e+009	5.027496e-010
2.570395782768799e+009	4.913938e-010
2.630267991895316e+009	4.802906e-010
2.691534803926848e+009	4.694347e-010
2.754228703338097e+009	4.588207e-010
2.818382931264383e+009	4.484436e-010
2.884031503126533e+009	4.382983e-010
2.951209226666311e+009	4.283797e-010
3.019951720401939e+009	4.186831e-010
3.090295432513512e+009	4.092035e-010
3.162277660168299e+009	3.999363e-010
3.235936569296200e+009	3.908769e-010
3.311311214825827e+009	3.820207e-010
3.388441561391939e+009	3.733634e-010
3.467368504525228e+009	3.649006e-010
3.548133892335664e+009	3.566280e-010
3.630780547700921e+009	3.485414e-010
3.715352290971631e+009	3.406369e-010
3.801893963205515e+009	3.329103e-010
3.890451449942707e+009	3.253578e-010
3.981071705534871e+009	3.179755e-010
4.073802778041023e+009	3.107596e-010
4.168693834703247e+009	3.037065e-010
4.265795188015817e+009	2.968125e-010
4.365158322401547e+009	2.900742e-010
4.466835921509516e+009	2.834881e-010
4.570881896148632e+009	2.770508e-010
4.677351412871861e+009	2.707589e-010
4.786300923226259e+009	2.646093e-010
4.897788193684335e+009	2.585988e-010
5.011872336272593e+009	2.527242e-010
5.128613839913515e+009	2.469825e-010
5.248074602497589e+009	2.413708e-010
5.370317963702387e+009	2.358862e-010
5.495408738576101e+009	2.305257e-010
5.623413251903343e+009	2.252867e-010
5.754399373371418e+009	2.201663e-010
5.888436553555735e+009	2.151620e-010
6.025595860743419e+009	2.102711e-010
6.165950018614659e+009	2.054910e-010
6.309573444801766e+009	2.008194e-010
6.456542290346385e+009	1.962537e-010
6.606934480075786e+009	1.917915e-010
6.760829753919639e+009	1.874306e-010
6.918309709189181e+009	1.831686e-010
7.079457843841191e+009	1.790033e-010
7.244359600749708e+009	1.749326e-010
7.413102413008978e+009	1.709543e-010
7.585775750291636e+009	1.670662e-010
7.762471166286710e+009	1.632665e-010
7.943282347242602e+009	1.595530e-010
8.128305161640775e+009	1.559239e-010
8.317637711026487e+009	1.523772e-010
8.511380382023537e+009	1.489110e-010
8.709635899560574e+009	1.455236e-010
8.912509381337217e+009	1.422131e-010
9.120108393558853e+009	1.389779e-010
9.332543007969660e+009	1.358161e-010
9.549925860214102e+009	1.327262e-010
9.772372209557842e+009	1.297066e-010
1.000000000000000e+010	1.267556e-010
